26 1594054801 0.800000 -1.000000 -101.000000 0.000000 0.000000
26 1594054802 0.800000 -1.000000 -101.000000 0.000000 0.000000
26 1594054803 0.800000 -1.000000 -101.000000 0.000000 0.000000
26 1594054804 0.800000 -1.000000 -101.000000 0.000000 0.000000
26 1594054805 0.800000 -1.000000 -101.000000 0.000000 0.000000
26 1594054806 0.800000 -1.000000 -101.000000 0.000000 0.000000
26 1594054807 0.800000 -1.000000 -101.000000 0.000000 0.000000
26 1594054808 0.800000 -1.000000 -101.000000 0.000000 0.000000
26 1594054809 0.800000 -1.000000 -101.000000 0.000000 0.000000
26 1594054810 0.800000 -1.000000 -101.000000 0.000000 0.000000
26 1594054811 0.800000 -1.000000 -101.000000 0.000000 0.000000
26 1594054812 0.800000 -1.000000 -101.000000 0.000000 0.000000
26 1594054813 0.800000 -1.000000 -101.000000 0.000000 0.000000
26 1594054814 0.800000 -1.000000 -101.000000 0.000000 0.000000
26 1594054815 0.800000 -1.000000 -101.000000 0.000000 0.000000
26 1594054816 4.400000 -1.000000 -101.000000 0.000000 0.000000
26 1594054817 4.400000 -1.000000 -101.000000 0.000000 0.000000
26 1594054818 4.400000 -1.000000 -101.000000 0.000000 0.000000
36 1594054816 5.400000 -1.000000 -101.000000 0.000000 0.000000
36 1594054817 5.400000 -1.000000 -101.000000 0.000000 0.000000
36 1594054818 5.400000 -1.000000 -101.000000 0.000000 0.000000
26 1594054819 4.400000 -1.000000 -101.000000 0.000000 0.000000
26 1594054820 4.400000 -1.000000 -101.000000 0.000000 0.000000
26 1594054821 2.400000 -1.000000 -101.000000 0.000000 0.000000
26 1594054822 2.400000 -1.000000 -101.000000 0.000000 0.000000
26 1594054823 2.400000 -1.000000 -101.000000 0.000000 0.000000
36 1594054819 5.400000 -1.000000 -101.000000 0.000000 0.000000
36 1594054820 5.400000 -1.000000 -101.000000 0.000000 0.000000
36 1594054821 1.400000 -1.000000 -101.000000 0.000000 0.000000
36 1594054822 1.400000 -1.000000 -101.000000 0.000000 0.000000
36 1594054823 1.400000 -1.000000 -101.000000 0.000000 0.000000
26 1594054824 2.400000 -1.000000 -101.000000 0.000000 0.000000
26 1594054825 2.400000 -1.000000 -101.000000 0.000000 0.000000
26 1594054826 3.800000 -1.000000 -101.000000 0.000000 0.000000
26 1594054827 3.800000 -1.000000 -101.000000 0.000000 0.000000
26 1594054828 3.800000 -1.000000 -101.000000 0.000000 0.000000
36 1594054824 1.400000 -1.000000 -101.000000 0.000000 0.000000
36 1594054825 1.400000 -1.000000 -101.000000 0.000000 0.000000
36 1594054826 4.800000 -1.000000 -101.000000 0.000000 0.000000
36 1594054827 4.800000 -1.000000 -101.000000 0.000000 0.000000
36 1594054828 4.800000 -1.000000 -101.000000 0.000000 0.000000
26 1594054829 3.800000 -1.000000 -101.000000 0.000000 0.000000
26 1594054830 3.800000 -1.000000 -101.000000 0.000000 0.000000
26 1594054831 2.400000 -1.000000 -101.000000 0.000000 0.000000
26 1594054832 2.400000 -1.000000 -101.000000 0.000000 0.000000
26 1594054833 2.400000 -1.000000 -101.000000 0.000000 0.000000
36 1594054829 4.800000 -1.000000 -101.000000 0.000000 0.000000
36 1594054830 4.800000 -1.000000 -101.000000 0.000000 0.000000
36 1594054831 1.400000 -1.000000 -101.000000 0.000000 0.000000
36 1594054832 1.400000 -1.000000 -101.000000 0.000000 0.000000
36 1594054833 1.400000 -1.000000 -101.000000 0.000000 0.000000
26 1594054834 2.400000 -1.000000 -101.000000 0.000000 0.000000
26 1594054835 2.400000 -1.000000 -101.000000 0.000000 0.000000
26 1594054836 4.200000 -1.000000 -101.000000 0.000000 0.000000
26 1594054837 4.200000 -1.000000 -101.000000 0.000000 0.000000
26 1594054838 4.200000 -1.000000 -101.000000 0.000000 0.000000
36 1594054834 1.400000 -1.000000 -101.000000 0.000000 0.000000
36 1594054835 1.400000 -1.000000 -101.000000 0.000000 0.000000
36 1594054836 5.200000 -1.000000 -101.000000 0.000000 0.000000
36 1594054837 5.200000 -1.000000 -101.000000 0.000000 0.000000
36 1594054838 5.200000 -1.000000 -101.000000 0.000000 0.000000
26 1594054839 4.200000 -1.000000 -101.000000 0.000000 0.000000
26 1594054840 4.200000 -1.000000 -101.000000 0.000000 0.000000
26 1594054841 2.400000 -1.000000 -101.000000 0.000000 0.000000
26 1594054842 2.400000 -1.000000 -101.000000 0.000000 0.000000
26 1594054843 2.400000 -1.000000 -101.000000 0.000000 0.000000
36 1594054839 5.200000 -1.000000 -101.000000 0.000000 0.000000
36 1594054840 5.200000 -1.000000 -101.000000 0.000000 0.000000
36 1594054841 1.400000 -1.000000 -101.000000 0.000000 0.000000
36 1594054842 1.400000 -1.000000 -101.000000 0.000000 0.000000
36 1594054843 1.400000 -1.000000 -101.000000 0.000000 0.000000
26 1594054844 2.400000 -1.000000 -101.000000 0.000000 0.000000
26 1594054845 2.400000 -1.000000 -101.000000 0.000000 0.000000
26 1594054846 4.200000 -1.000000 -101.000000 0.000000 0.000000
26 1594054847 4.200000 -1.000000 -101.000000 0.000000 0.000000
26 1594054848 4.200000 -1.000000 -101.000000 0.000000 0.000000
36 1594054844 1.400000 -1.000000 -101.000000 0.000000 0.000000
36 1594054845 1.400000 -1.000000 -101.000000 0.000000 0.000000
36 1594054846 5.000000 -1.000000 -101.000000 0.000000 0.000000
36 1594054847 5.000000 -1.000000 -101.000000 0.000000 0.000000
36 1594054848 5.000000 -1.000000 -101.000000 0.000000 0.000000
26 1594054849 4.200000 -1.000000 -101.000000 0.000000 0.000000
26 1594054850 4.200000 -1.000000 -101.000000 0.000000 0.000000
26 1594054851 2.400000 -1.000000 -101.000000 0.000000 0.000000
26 1594054852 2.400000 -1.000000 -101.000000 0.000000 0.000000
26 1594054853 2.400000 -1.000000 -101.000000 0.000000 0.000000
36 1594054849 5.000000 -1.000000 -101.000000 0.000000 0.000000
36 1594054850 5.000000 -1.000000 -101.000000 0.000000 0.000000
36 1594054851 1.600000 -1.000000 -101.000000 0.000000 0.000000
36 1594054852 1.600000 -1.000000 -101.000000 0.000000 0.000000
36 1594054853 1.600000 -1.000000 -101.000000 0.000000 0.000000
26 1594054854 2.400000 -1.000000 -101.000000 0.000000 0.000000
26 1594054855 2.400000 -1.000000 -101.000000 0.000000 0.000000
26 1594054856 4.200000 -1.000000 -101.000000 0.000000 0.000000
26 1594054857 4.200000 -1.000000 -101.000000 0.000000 0.000000
26 1594054858 4.200000 -1.000000 -101.000000 0.000000 0.000000
36 1594054854 1.600000 -1.000000 -101.000000 0.000000 0.000000
36 1594054855 1.600000 -1.000000 -101.000000 0.000000 0.000000
36 1594054856 5.200000 -1.000000 -101.000000 0.000000 0.000000
36 1594054857 5.200000 -1.000000 -101.000000 0.000000 0.000000
36 1594054858 5.200000 -1.000000 -101.000000 0.000000 0.000000
26 1594054859 4.200000 -1.000000 -101.000000 0.000000 0.000000
26 1594054860 4.200000 -1.000000 -101.000000 0.000000 0.000000
26 1594054861 2.400000 -1.000000 -101.000000 0.000000 0.000000
26 1594054862 2.400000 -1.000000 -101.000000 0.000000 0.000000
26 1594054863 2.400000 -1.000000 -101.000000 0.000000 0.000000
36 1594054859 5.200000 -1.000000 -101.000000 0.000000 0.000000
36 1594054860 5.200000 -1.000000 -101.000000 0.000000 0.000000
36 1594054861 1.400000 -1.000000 -101.000000 0.000000 0.000000
36 1594054862 1.400000 -1.000000 -101.000000 0.000000 0.000000
36 1594054863 1.400000 -1.000000 -101.000000 0.000000 0.000000
26 1594054864 2.400000 -1.000000 -101.000000 0.000000 0.000000
26 1594054865 2.400000 -1.000000 -101.000000 0.000000 0.000000
26 1594054866 4.200000 -1.000000 -101.000000 0.000000 0.000000
26 1594054867 4.200000 -1.000000 -101.000000 0.000000 0.000000
26 1594054868 4.200000 -1.000000 -101.000000 0.000000 0.000000
36 1594054864 1.400000 -1.000000 -101.000000 0.000000 0.000000
36 1594054865 1.400000 -1.000000 -101.000000 0.000000 0.000000
36 1594054866 5.400000 -1.000000 -101.000000 0.000000 0.000000
36 1594054867 5.400000 -1.000000 -101.000000 0.000000 0.000000
36 1594054868 5.400000 -1.000000 -101.000000 0.000000 0.000000
26 1594054869 4.200000 -1.000000 -101.000000 0.000000 0.000000
26 1594054870 4.200000 -1.000000 -101.000000 0.000000 0.000000
26 1594054871 2.400000 -1.000000 -101.000000 0.000000 0.000000
26 1594054872 2.400000 -1.000000 -101.000000 0.000000 0.000000
26 1594054873 2.400000 -1.000000 -101.000000 0.000000 0.000000
36 1594054869 5.400000 -1.000000 -101.000000 0.000000 0.000000
36 1594054870 5.400000 -1.000000 -101.000000 0.000000 0.000000
36 1594054871 1.200000 -1.000000 -101.000000 0.000000 0.000000
36 1594054872 1.200000 -1.000000 -101.000000 0.000000 0.000000
36 1594054873 1.200000 -1.000000 -101.000000 0.000000 0.000000
26 1594054874 2.400000 -1.000000 -101.000000 0.000000 0.000000
26 1594054875 2.400000 -1.000000 -101.000000 0.000000 0.000000
26 1594054876 3.800000 -1.000000 -101.000000 0.000000 0.000000
26 1594054877 3.800000 -1.000000 -101.000000 0.000000 0.000000
26 1594054878 3.800000 -1.000000 -101.000000 0.000000 0.000000
36 1594054874 1.200000 -1.000000 -101.000000 0.000000 0.000000
36 1594054875 1.200000 -1.000000 -101.000000 0.000000 0.000000
36 1594054876 4.800000 -1.000000 -101.000000 0.000000 0.000000
36 1594054877 4.800000 -1.000000 -101.000000 0.000000 0.000000
36 1594054878 4.800000 -1.000000 -101.000000 0.000000 0.000000
26 1594054879 3.800000 -1.000000 -101.000000 0.000000 0.000000
26 1594054880 3.800000 -1.000000 -101.000000 0.000000 0.000000
26 1594054881 2.400000 -1.000000 -101.000000 0.000000 0.000000
26 1594054882 2.400000 -1.000000 -101.000000 0.000000 0.000000
26 1594054883 2.400000 -1.000000 -101.000000 0.000000 0.000000
36 1594054879 4.800000 -1.000000 -101.000000 0.000000 0.000000
36 1594054880 4.800000 -1.000000 -101.000000 0.000000 0.000000
36 1594054881 1.400000 -1.000000 -101.000000 0.000000 0.000000
36 1594054882 1.400000 -1.000000 -101.000000 0.000000 0.000000
36 1594054883 1.400000 -1.000000 -101.000000 0.000000 0.000000
26 1594054884 2.400000 -1.000000 -101.000000 0.000000 0.000000
26 1594054885 2.400000 -1.000000 -101.000000 0.000000 0.000000
26 1594054886 4.200000 -1.000000 -101.000000 0.000000 0.000000
26 1594054887 4.200000 -1.000000 -101.000000 0.000000 0.000000
26 1594054888 4.200000 -1.000000 -101.000000 0.000000 0.000000
36 1594054884 1.400000 -1.000000 -101.000000 0.000000 0.000000
36 1594054885 1.400000 -1.000000 -101.000000 0.000000 0.000000
36 1594054886 5.400000 -1.000000 -101.000000 0.000000 0.000000
36 1594054887 5.400000 -1.000000 -101.000000 0.000000 0.000000
36 1594054888 5.400000 -1.000000 -101.000000 0.000000 0.000000
26 1594054889 4.200000 -1.000000 -101.000000 0.000000 0.000000
26 1594054890 4.200000 -1.000000 -101.000000 0.000000 0.000000
26 1594054891 2.400000 -1.000000 -101.000000 0.000000 0.000000
26 1594054892 2.400000 -1.000000 -101.000000 0.000000 0.000000
26 1594054893 2.400000 -1.000000 -101.000000 0.000000 0.000000
36 1594054889 5.400000 -1.000000 -101.000000 0.000000 0.000000
36 1594054890 5.400000 -1.000000 -101.000000 0.000000 0.000000
36 1594054891 1.200000 -1.000000 -101.000000 0.000000 0.000000
36 1594054892 1.200000 -1.000000 -101.000000 0.000000 0.000000
36 1594054893 1.200000 -1.000000 -101.000000 0.000000 0.000000
26 1594054894 2.400000 -1.000000 -101.000000 0.000000 0.000000
26 1594054895 2.400000 -1.000000 -101.000000 0.000000 0.000000
26 1594054896 4.000000 -1.000000 -101.000000 0.000000 0.000000
26 1594054897 4.000000 -1.000000 -101.000000 0.000000 0.000000
26 1594054898 4.000000 -1.000000 -101.000000 0.000000 0.000000
36 1594054894 1.200000 -1.000000 -101.000000 0.000000 0.000000
36 1594054895 1.200000 -1.000000 -101.000000 0.000000 0.000000
36 1594054896 5.000000 -1.000000 -101.000000 0.000000 0.000000
36 1594054897 5.000000 -1.000000 -101.000000 0.000000 0.000000
36 1594054898 5.000000 -1.000000 -101.000000 0.000000 0.000000
26 1594054899 4.000000 -1.000000 -101.000000 0.000000 0.000000
26 1594054900 4.000000 -1.000000 -101.000000 0.000000 0.000000
26 1594054901 2.400000 -1.000000 -101.000000 0.000000 0.000000
26 1594054902 2.400000 -1.000000 -101.000000 0.000000 0.000000
26 1594054903 2.400000 -1.000000 -101.000000 0.000000 0.000000
36 1594054899 5.000000 -1.000000 -101.000000 0.000000 0.000000
36 1594054900 5.000000 -1.000000 -101.000000 0.000000 0.000000
36 1594054901 1.400000 -1.000000 -101.000000 0.000000 0.000000
36 1594054902 1.400000 -1.000000 -101.000000 0.000000 0.000000
36 1594054903 1.400000 -1.000000 -101.000000 0.000000 0.000000
26 1594054904 2.400000 -1.000000 -101.000000 0.000000 0.000000
26 1594054905 2.400000 -1.000000 -101.000000 0.000000 0.000000
26 1594054906 4.200000 -1.000000 -101.000000 0.000000 0.000000
26 1594054907 4.200000 -1.000000 -101.000000 0.000000 0.000000
26 1594054908 4.200000 -1.000000 -101.000000 0.000000 0.000000
36 1594054904 1.400000 -1.000000 -101.000000 0.000000 0.000000
36 1594054905 1.400000 -1.000000 -101.000000 0.000000 0.000000
36 1594054906 5.200000 -1.000000 -101.000000 0.000000 0.000000
36 1594054907 5.200000 -1.000000 -101.000000 0.000000 0.000000
36 1594054908 5.200000 -1.000000 -101.000000 0.000000 0.000000
26 1594054909 4.200000 -1.000000 -101.000000 0.000000 0.000000
26 1594054910 4.200000 -1.000000 -101.000000 0.000000 0.000000
26 1594054911 2.400000 -1.000000 -101.000000 0.000000 0.000000
26 1594054912 2.400000 -1.000000 -101.000000 0.000000 0.000000
26 1594054913 2.400000 -1.000000 -101.000000 0.000000 0.000000
36 1594054909 5.200000 -1.000000 -101.000000 0.000000 0.000000
36 1594054910 5.200000 -1.000000 -101.000000 0.000000 0.000000
36 1594054911 1.400000 -1.000000 -101.000000 0.000000 0.000000
36 1594054912 1.400000 -1.000000 -101.000000 0.000000 0.000000
36 1594054913 1.400000 -1.000000 -101.000000 0.000000 0.000000
26 1594054914 2.400000 -1.000000 -101.000000 0.000000 0.000000
26 1594054915 2.400000 -1.000000 -101.000000 0.000000 0.000000
26 1594054916 4.200000 -1.000000 -101.000000 0.000000 0.000000
26 1594054917 4.200000 -1.000000 -101.000000 0.000000 0.000000
26 1594054918 4.200000 -1.000000 -101.000000 0.000000 0.000000
36 1594054914 1.400000 -1.000000 -101.000000 0.000000 0.000000
36 1594054915 1.400000 -1.000000 -101.000000 0.000000 0.000000
36 1594054916 5.400000 -1.000000 -101.000000 0.000000 0.000000
36 1594054917 5.400000 -1.000000 -101.000000 0.000000 0.000000
36 1594054918 5.400000 -1.000000 -101.000000 0.000000 0.000000
26 1594054919 4.200000 -1.000000 -101.000000 0.000000 0.000000
26 1594054920 4.200000 -1.000000 -101.000000 0.000000 0.000000
26 1594054921 2.400000 -1.000000 -101.000000 0.000000 0.000000
26 1594054922 2.400000 -1.000000 -101.000000 0.000000 0.000000
26 1594054923 2.400000 -1.000000 -101.000000 0.000000 0.000000
36 1594054919 5.400000 -1.000000 -101.000000 0.000000 0.000000
36 1594054920 5.400000 -1.000000 -101.000000 0.000000 0.000000
36 1594054921 1.200000 -1.000000 -101.000000 0.000000 0.000000
36 1594054922 1.200000 -1.000000 -101.000000 0.000000 0.000000
36 1594054923 1.200000 -1.000000 -101.000000 0.000000 0.000000
26 1594054924 2.400000 -1.000000 -101.000000 0.000000 0.000000
26 1594054925 2.400000 -1.000000 -101.000000 0.000000 0.000000
26 1594054926 3.000000 -1.000000 -101.000000 0.000000 0.000000
26 1594054927 3.000000 -1.000000 -101.000000 0.000000 0.000000
26 1594054928 3.000000 -1.000000 -101.000000 0.000000 0.000000
36 1594054924 1.200000 -1.000000 -101.000000 0.000000 0.000000
36 1594054925 1.200000 -1.000000 -101.000000 0.000000 0.000000
36 1594054926 1.800000 -1.000000 -101.000000 0.000000 0.000000
36 1594054927 1.800000 -1.000000 -101.000000 0.000000 0.000000
36 1594054928 1.800000 -1.000000 -101.000000 0.000000 0.000000
26 1594054929 3.000000 -1.000000 -101.000000 0.000000 0.000000
26 1594054930 3.000000 -1.000000 -101.000000 0.000000 0.000000
26 1594054931 1.200000 -1.000000 -101.000000 0.000000 0.000000
26 1594054932 1.200000 -1.000000 -101.000000 0.000000 0.000000
26 1594054933 1.200000 -1.000000 -101.000000 0.000000 0.000000
36 1594054929 1.800000 -1.000000 -101.000000 0.000000 0.000000
36 1594054930 1.800000 -1.000000 -101.000000 0.000000 0.000000
36 1594054931 3.000000 -1.000000 -101.000000 0.000000 0.000000
36 1594054932 3.000000 -1.000000 -101.000000 0.000000 0.000000
36 1594054933 3.000000 -1.000000 -101.000000 0.000000 0.000000
26 1594054934 1.200000 -1.000000 -101.000000 0.000000 0.000000
26 1594054935 1.200000 -1.000000 -101.000000 0.000000 0.000000
26 1594054936 2.400000 -1.000000 -101.000000 0.000000 0.000000
26 1594054937 2.400000 -1.000000 -101.000000 0.000000 0.000000
26 1594054938 2.400000 -1.000000 -101.000000 0.000000 0.000000
36 1594054934 3.000000 -1.000000 -101.000000 0.000000 0.000000
36 1594054935 3.000000 -1.000000 -101.000000 0.000000 0.000000
36 1594054936 1.800000 -1.000000 -101.000000 0.000000 0.000000
36 1594054937 1.800000 -1.000000 -101.000000 0.000000 0.000000
36 1594054938 1.800000 -1.000000 -101.000000 0.000000 0.000000
26 1594054939 2.400000 -1.000000 -101.000000 0.000000 0.000000
26 1594054940 2.400000 -1.000000 -101.000000 0.000000 0.000000
26 1594054941 3.800000 -1.000000 -101.000000 0.000000 0.000000
26 1594054942 3.800000 -1.000000 -101.000000 0.000000 0.000000
26 1594054943 3.800000 -1.000000 -101.000000 0.000000 0.000000
36 1594054939 1.800000 -1.000000 -101.000000 0.000000 0.000000
36 1594054940 1.800000 -1.000000 -101.000000 0.000000 0.000000
36 1594054941 4.600000 -1.000000 -101.000000 0.000000 0.000000
36 1594054942 4.600000 -1.000000 -101.000000 0.000000 0.000000
36 1594054943 4.600000 -1.000000 -101.000000 0.000000 0.000000
26 1594054944 3.800000 -1.000000 -101.000000 0.000000 0.000000
26 1594054945 3.800000 -1.000000 -101.000000 0.000000 0.000000
26 1594054946 2.400000 -1.000000 -101.000000 0.000000 0.000000
26 1594054947 2.400000 -1.000000 -101.000000 0.000000 0.000000
26 1594054948 2.400000 -1.000000 -101.000000 0.000000 0.000000
36 1594054944 4.600000 -1.000000 -101.000000 0.000000 0.000000
36 1594054945 4.600000 -1.000000 -101.000000 0.000000 0.000000
36 1594054946 1.600000 -1.000000 -101.000000 0.000000 0.000000
36 1594054947 1.600000 -1.000000 -101.000000 0.000000 0.000000
36 1594054948 1.600000 -1.000000 -101.000000 0.000000 0.000000
26 1594054949 2.400000 -1.000000 -101.000000 0.000000 0.000000
26 1594054950 2.400000 -1.000000 -101.000000 0.000000 0.000000
26 1594054951 4.200000 -1.000000 -101.000000 0.000000 0.000000
26 1594054952 4.200000 -1.000000 -101.000000 0.000000 0.000000
26 1594054953 4.200000 -1.000000 -101.000000 0.000000 0.000000
36 1594054949 1.600000 -1.000000 -101.000000 0.000000 0.000000
36 1594054950 1.600000 -1.000000 -101.000000 0.000000 0.000000
36 1594054951 5.200000 -1.000000 -101.000000 0.000000 0.000000
36 1594054952 5.200000 -1.000000 -101.000000 0.000000 0.000000
36 1594054953 5.200000 -1.000000 -101.000000 0.000000 0.000000
26 1594054954 4.200000 -1.000000 -101.000000 0.000000 0.000000
26 1594054955 4.200000 -1.000000 -101.000000 0.000000 0.000000
26 1594054956 2.400000 -1.000000 -101.000000 0.000000 0.000000
26 1594054957 2.400000 -1.000000 -101.000000 0.000000 0.000000
26 1594054958 2.400000 -1.000000 -101.000000 0.000000 0.000000
36 1594054954 5.200000 -1.000000 -101.000000 0.000000 0.000000
36 1594054955 5.200000 -1.000000 -101.000000 0.000000 0.000000
36 1594054956 1.400000 -1.000000 -101.000000 0.000000 0.000000
36 1594054957 1.400000 -1.000000 -101.000000 0.000000 0.000000
36 1594054958 1.400000 -1.000000 -101.000000 0.000000 0.000000
26 1594054959 2.400000 -1.000000 -101.000000 0.000000 0.000000
26 1594054960 2.400000 -1.000000 -101.000000 0.000000 0.000000
26 1594054961 4.000000 -1.000000 -101.000000 0.000000 0.000000
26 1594054962 4.000000 -1.000000 -101.000000 0.000000 0.000000
26 1594054963 4.000000 -1.000000 -101.000000 0.000000 0.000000
36 1594054959 1.400000 -1.000000 -101.000000 0.000000 0.000000
36 1594054960 1.400000 -1.000000 -101.000000 0.000000 0.000000
36 1594054961 4.800000 -1.000000 -101.000000 0.000000 0.000000
36 1594054962 4.800000 -1.000000 -101.000000 0.000000 0.000000
36 1594054963 4.800000 -1.000000 -101.000000 0.000000 0.000000
26 1594054964 4.000000 -1.000000 -101.000000 0.000000 0.000000
26 1594054965 4.000000 -1.000000 -101.000000 0.000000 0.000000
26 1594054966 2.400000 -1.000000 -101.000000 0.000000 0.000000
26 1594054967 2.400000 -1.000000 -101.000000 0.000000 0.000000
26 1594054968 2.400000 -1.000000 -101.000000 0.000000 0.000000
36 1594054964 4.800000 -1.000000 -101.000000 0.000000 0.000000
36 1594054965 4.800000 -1.000000 -101.000000 0.000000 0.000000
36 1594054966 1.600000 -1.000000 -101.000000 0.000000 0.000000
36 1594054967 1.600000 -1.000000 -101.000000 0.000000 0.000000
36 1594054968 1.600000 -1.000000 -101.000000 0.000000 0.000000
26 1594054969 2.400000 -1.000000 -101.000000 0.000000 0.000000
26 1594054970 2.400000 -1.000000 -101.000000 0.000000 0.000000
26 1594054971 4.200000 -1.000000 -101.000000 0.000000 0.000000
26 1594054972 4.200000 -1.000000 -101.000000 0.000000 0.000000
26 1594054973 4.200000 -1.000000 -101.000000 0.000000 0.000000
36 1594054969 1.600000 -1.000000 -101.000000 0.000000 0.000000
36 1594054970 1.600000 -1.000000 -101.000000 0.000000 0.000000
36 1594054971 5.200000 -1.000000 -101.000000 0.000000 0.000000
36 1594054972 5.200000 -1.000000 -101.000000 0.000000 0.000000
36 1594054973 5.200000 -1.000000 -101.000000 0.000000 0.000000
26 1594054974 4.200000 -1.000000 -101.000000 0.000000 0.000000
26 1594054975 4.200000 -1.000000 -101.000000 0.000000 0.000000
26 1594054976 2.400000 -1.000000 -101.000000 0.000000 0.000000
26 1594054977 2.400000 -1.000000 -101.000000 0.000000 0.000000
26 1594054978 2.400000 -1.000000 -101.000000 0.000000 0.000000
36 1594054974 5.200000 -1.000000 -101.000000 0.000000 0.000000
36 1594054975 5.200000 -1.000000 -101.000000 0.000000 0.000000
36 1594054976 1.400000 -1.000000 -101.000000 0.000000 0.000000
36 1594054977 1.400000 -1.000000 -101.000000 0.000000 0.000000
36 1594054978 1.400000 -1.000000 -101.000000 0.000000 0.000000
26 1594054979 2.400000 -1.000000 -101.000000 0.000000 0.000000
26 1594054980 2.400000 -1.000000 -101.000000 0.000000 0.000000
26 1594054981 4.000000 -1.000000 -101.000000 0.000000 0.000000
26 1594054982 4.000000 -1.000000 -101.000000 0.000000 0.000000
26 1594054983 4.000000 -1.000000 -101.000000 0.000000 0.000000
36 1594054979 1.400000 -1.000000 -101.000000 0.000000 0.000000
36 1594054980 1.400000 -1.000000 -101.000000 0.000000 0.000000
36 1594054981 4.800000 -1.000000 -101.000000 0.000000 0.000000
36 1594054982 4.800000 -1.000000 -101.000000 0.000000 0.000000
36 1594054983 4.800000 -1.000000 -101.000000 0.000000 0.000000
26 1594054984 4.000000 -1.000000 -101.000000 0.000000 0.000000
26 1594054985 4.000000 -1.000000 -101.000000 0.000000 0.000000
26 1594054986 2.400000 -1.000000 -101.000000 0.000000 0.000000
26 1594054987 2.400000 -1.000000 -101.000000 0.000000 0.000000
26 1594054988 2.400000 -1.000000 -101.000000 0.000000 0.000000
36 1594054984 4.800000 -1.000000 -101.000000 0.000000 0.000000
36 1594054985 4.800000 -1.000000 -101.000000 0.000000 0.000000
36 1594054986 1.600000 -1.000000 -101.000000 0.000000 0.000000
36 1594054987 1.600000 -1.000000 -101.000000 0.000000 0.000000
36 1594054988 1.600000 -1.000000 -101.000000 0.000000 0.000000
26 1594054989 2.400000 -1.000000 -101.000000 0.000000 0.000000
26 1594054990 2.400000 -1.000000 -101.000000 0.000000 0.000000
26 1594054991 4.400000 -1.000000 -101.000000 0.000000 0.000000
26 1594054992 4.400000 -1.000000 -101.000000 0.000000 0.000000
26 1594054993 4.400000 -1.000000 -101.000000 0.000000 0.000000
36 1594054989 1.600000 -1.000000 -101.000000 0.000000 0.000000
36 1594054990 1.600000 -1.000000 -101.000000 0.000000 0.000000
36 1594054991 5.400000 -1.000000 -101.000000 0.000000 0.000000
36 1594054992 5.400000 -1.000000 -101.000000 0.000000 0.000000
36 1594054993 5.400000 -1.000000 -101.000000 0.000000 0.000000
26 1594054994 4.400000 -1.000000 -101.000000 0.000000 0.000000
26 1594054995 4.400000 -1.000000 -101.000000 0.000000 0.000000
26 1594054996 2.400000 -1.000000 -101.000000 0.000000 0.000000
26 1594054997 2.400000 -1.000000 -101.000000 0.000000 0.000000
26 1594054998 2.400000 -1.000000 -101.000000 0.000000 0.000000
36 1594054994 5.400000 -1.000000 -101.000000 0.000000 0.000000
36 1594054995 5.400000 -1.000000 -101.000000 0.000000 0.000000
36 1594054996 1.400000 -1.000000 -101.000000 0.000000 0.000000
36 1594054997 1.400000 -1.000000 -101.000000 0.000000 0.000000
36 1594054998 1.400000 -1.000000 -101.000000 0.000000 0.000000
26 1594054999 2.400000 -1.000000 -101.000000 0.000000 0.000000
26 1594055000 2.400000 -1.000000 -101.000000 0.000000 0.000000
26 1594055001 4.200000 -1.000000 -101.000000 0.000000 0.000000
26 1594055002 4.200000 -1.000000 -101.000000 0.000000 0.000000
26 1594055003 4.200000 -1.000000 -101.000000 0.000000 0.000000
36 1594054999 1.400000 -1.000000 -101.000000 0.000000 0.000000
36 1594055000 1.400000 -1.000000 -101.000000 0.000000 0.000000
36 1594055001 5.400000 -1.000000 -101.000000 0.000000 0.000000
36 1594055002 5.400000 -1.000000 -101.000000 0.000000 0.000000
36 1594055003 5.400000 -1.000000 -101.000000 0.000000 0.000000
26 1594055004 4.200000 -1.000000 -101.000000 0.000000 0.000000
26 1594055005 4.200000 -1.000000 -101.000000 0.000000 0.000000
26 1594055006 2.400000 -1.000000 -101.000000 0.000000 0.000000
26 1594055007 2.400000 -1.000000 -101.000000 0.000000 0.000000
26 1594055008 2.400000 -1.000000 -101.000000 0.000000 0.000000
36 1594055004 5.400000 -1.000000 -101.000000 0.000000 0.000000
36 1594055005 5.400000 -1.000000 -101.000000 0.000000 0.000000
36 1594055006 1.200000 -1.000000 -101.000000 0.000000 0.000000
36 1594055007 1.200000 -1.000000 -101.000000 0.000000 0.000000
36 1594055008 1.200000 -1.000000 -101.000000 0.000000 0.000000
26 1594055009 2.400000 -1.000000 -101.000000 0.000000 0.000000
26 1594055010 2.400000 -1.000000 -101.000000 0.000000 0.000000
26 1594055011 4.000000 -1.000000 -101.000000 0.000000 0.000000
26 1594055012 4.000000 -1.000000 -101.000000 0.000000 0.000000
26 1594055013 4.000000 -1.000000 -101.000000 0.000000 0.000000
36 1594055009 1.200000 -1.000000 -101.000000 0.000000 0.000000
36 1594055010 1.200000 -1.000000 -101.000000 0.000000 0.000000
36 1594055011 5.000000 -1.000000 -101.000000 0.000000 0.000000
36 1594055012 5.000000 -1.000000 -101.000000 0.000000 0.000000
36 1594055013 5.000000 -1.000000 -101.000000 0.000000 0.000000
26 1594055014 4.000000 -1.000000 -101.000000 0.000000 0.000000
26 1594055015 4.000000 -1.000000 -101.000000 0.000000 0.000000
26 1594055016 2.400000 -1.000000 -101.000000 0.000000 0.000000
26 1594055017 2.400000 -1.000000 -101.000000 0.000000 0.000000
26 1594055018 2.400000 -1.000000 -101.000000 0.000000 0.000000
36 1594055014 5.000000 -1.000000 -101.000000 0.000000 0.000000
36 1594055015 5.000000 -1.000000 -101.000000 0.000000 0.000000
36 1594055016 1.400000 -1.000000 -101.000000 0.000000 0.000000
36 1594055017 1.400000 -1.000000 -101.000000 0.000000 0.000000
36 1594055018 1.400000 -1.000000 -101.000000 0.000000 0.000000
26 1594055019 2.400000 -1.000000 -101.000000 0.000000 0.000000
26 1594055020 2.400000 -1.000000 -101.000000 0.000000 0.000000
26 1594055021 4.200000 -1.000000 -101.000000 0.000000 0.000000
26 1594055022 4.200000 -1.000000 -101.000000 0.000000 0.000000
26 1594055023 4.200000 -1.000000 -101.000000 0.000000 0.000000
36 1594055019 1.400000 -1.000000 -101.000000 0.000000 0.000000
36 1594055020 1.400000 -1.000000 -101.000000 0.000000 0.000000
36 1594055021 5.200000 -1.000000 -101.000000 0.000000 0.000000
36 1594055022 5.200000 -1.000000 -101.000000 0.000000 0.000000
36 1594055023 5.200000 -1.000000 -101.000000 0.000000 0.000000
26 1594055024 4.200000 -1.000000 -101.000000 0.000000 0.000000
26 1594055025 4.200000 -1.000000 -101.000000 0.000000 0.000000
26 1594055026 2.400000 -1.000000 -101.000000 0.000000 0.000000
26 1594055027 2.400000 -1.000000 -101.000000 0.000000 0.000000
26 1594055028 2.400000 -1.000000 -101.000000 0.000000 0.000000
36 1594055024 5.200000 -1.000000 -101.000000 0.000000 0.000000
36 1594055025 5.200000 -1.000000 -101.000000 0.000000 0.000000
36 1594055026 1.400000 -1.000000 -101.000000 0.000000 0.000000
36 1594055027 1.400000 -1.000000 -101.000000 0.000000 0.000000
36 1594055028 1.400000 -1.000000 -101.000000 0.000000 0.000000
26 1594055029 2.400000 -1.000000 -101.000000 0.000000 0.000000
26 1594055030 2.400000 -1.000000 -101.000000 0.000000 0.000000
26 1594055031 4.200000 -1.000000 -101.000000 0.000000 0.000000
26 1594055032 4.200000 -1.000000 -101.000000 0.000000 0.000000
26 1594055033 4.200000 -1.000000 -101.000000 0.000000 0.000000
26 1594055034 4.200000 -1.000000 -101.000000 0.000000 0.000000
26 1594055035 4.200000 -1.000000 -101.000000 0.000000 0.000000
26 1594055036 2.400000 -1.000000 -101.000000 0.000000 0.000000
26 1594055037 2.400000 -1.000000 -101.000000 0.000000 0.000000
26 1594055038 2.400000 -1.000000 -101.000000 0.000000 0.000000
36 1594055029 1.400000 -1.000000 -101.000000 0.000000 0.000000
36 1594055030 1.400000 -1.000000 -101.000000 0.000000 0.000000
36 1594055031 5.400000 -1.000000 -101.000000 0.000000 0.000000
36 1594055032 5.400000 -1.000000 -101.000000 0.000000 0.000000
36 1594055033 5.400000 -1.000000 -101.000000 0.000000 0.000000
36 1594055034 5.400000 -1.000000 -101.000000 0.000000 0.000000
36 1594055035 5.400000 -1.000000 -101.000000 0.000000 0.000000
36 1594055036 1.200000 -1.000000 -101.000000 0.000000 0.000000
36 1594055037 1.200000 -1.000000 -101.000000 0.000000 0.000000
36 1594055038 1.200000 -1.000000 -101.000000 0.000000 0.000000
26 1594055039 2.400000 -1.000000 -101.000000 0.000000 0.000000
26 1594055040 2.400000 -1.000000 -101.000000 0.000000 0.000000
26 1594055041 4.000000 -1.000000 -101.000000 0.000000 0.000000
26 1594055042 4.000000 -1.000000 -101.000000 0.000000 0.000000
26 1594055043 4.000000 -1.000000 -101.000000 0.000000 0.000000
36 1594055039 1.200000 -1.000000 -101.000000 0.000000 0.000000
36 1594055040 1.200000 -1.000000 -101.000000 0.000000 0.000000
36 1594055041 5.000000 -1.000000 -101.000000 0.000000 0.000000
36 1594055042 5.000000 -1.000000 -101.000000 0.000000 0.000000
36 1594055043 5.000000 -1.000000 -101.000000 0.000000 0.000000
26 1594055044 4.000000 -1.000000 -101.000000 0.000000 0.000000
26 1594055045 4.000000 -1.000000 -101.000000 0.000000 0.000000
26 1594055046 2.400000 -1.000000 -101.000000 0.000000 0.000000
26 1594055047 2.400000 -1.000000 -101.000000 0.000000 0.000000
26 1594055048 2.400000 -1.000000 -101.000000 0.000000 0.000000
36 1594055044 5.000000 -1.000000 -101.000000 0.000000 0.000000
36 1594055045 5.000000 -1.000000 -101.000000 0.000000 0.000000
36 1594055046 1.400000 -1.000000 -101.000000 0.000000 0.000000
36 1594055047 1.400000 -1.000000 -101.000000 0.000000 0.000000
36 1594055048 1.400000 -1.000000 -101.000000 0.000000 0.000000
26 1594055049 2.400000 -1.000000 -101.000000 0.000000 0.000000
26 1594055050 2.400000 -1.000000 -101.000000 0.000000 0.000000
26 1594055051 4.000000 -1.000000 -101.000000 0.000000 0.000000
26 1594055052 4.000000 -1.000000 -101.000000 0.000000 0.000000
26 1594055053 4.000000 -1.000000 -101.000000 0.000000 0.000000
36 1594055049 1.400000 -1.000000 -101.000000 0.000000 0.000000
36 1594055050 1.400000 -1.000000 -101.000000 0.000000 0.000000
36 1594055051 5.200000 -1.000000 -101.000000 0.000000 0.000000
36 1594055052 5.200000 -1.000000 -101.000000 0.000000 0.000000
36 1594055053 5.200000 -1.000000 -101.000000 0.000000 0.000000
26 1594055054 4.000000 -1.000000 -101.000000 0.000000 0.000000
26 1594055055 4.000000 -1.000000 -101.000000 0.000000 0.000000
26 1594055056 2.400000 -1.000000 -101.000000 0.000000 0.000000
26 1594055057 2.400000 -1.000000 -101.000000 0.000000 0.000000
26 1594055058 2.400000 -1.000000 -101.000000 0.000000 0.000000
36 1594055054 5.200000 -1.000000 -101.000000 0.000000 0.000000
36 1594055055 5.200000 -1.000000 -101.000000 0.000000 0.000000
36 1594055056 1.200000 -1.000000 -101.000000 0.000000 0.000000
36 1594055057 1.200000 -1.000000 -101.000000 0.000000 0.000000
36 1594055058 1.200000 -1.000000 -101.000000 0.000000 0.000000
26 1594055059 2.400000 -1.000000 -101.000000 0.000000 0.000000
26 1594055060 2.400000 -1.000000 -101.000000 0.000000 0.000000
26 1594055061 3.800000 -1.000000 -101.000000 0.000000 0.000000
26 1594055062 3.800000 -1.000000 -101.000000 0.000000 0.000000
26 1594055063 3.800000 -1.000000 -101.000000 0.000000 0.000000
36 1594055059 1.200000 -1.000000 -101.000000 0.000000 0.000000
36 1594055060 1.200000 -1.000000 -101.000000 0.000000 0.000000
36 1594055061 4.600000 -1.000000 -101.000000 0.000000 0.000000
36 1594055062 4.600000 -1.000000 -101.000000 0.000000 0.000000
36 1594055063 4.600000 -1.000000 -101.000000 0.000000 0.000000
26 1594055064 3.800000 -1.000000 -101.000000 0.000000 0.000000
36 1594055064 4.600000 -1.000000 -101.000000 0.000000 0.000000
36 1594055127 5.500000 -1.000000 5.500000 5.500000 6935867602030481800000000000000000000000000000000000000000000000000000000000000000000000000000000000000000000000000000000000000000000000000000000000000000000000000000000000000000000000000000000000000000000000000000000000000000000000000000000000000000000000000000000000000.000000
36 1594055126 5.500000 -1.000000 5.500000 5.500000 6935867602030481800000000000000000000000000000000000000000000000000000000000000000000000000000000000000000000000000000000000000000000000000000000000000000000000000000000000000000000000000000000000000000000000000000000000000000000000000000000000000000000000000000000000000.000000
36 1594055125 0.400000 -1.000000 0.400000 0.400000 36685580704954622000000000000000000000000000000000000000000000000000000000000000000000000000000000000000000000000000000000000000000000000000000000000000000000000000000000000000000000000000000000000000000000000000000000000000000000000000000000000000000000000000000000000.000000
36 1594055124 0.400000 -1.000000 0.400000 0.400000 36685580704954622000000000000000000000000000000000000000000000000000000000000000000000000000000000000000000000000000000000000000000000000000000000000000000000000000000000000000000000000000000000000000000000000000000000000000000000000000000000000000000000000000000000000.000000
36 1594055123 0.400000 -1.000000 0.400000 0.400000 36685580704954622000000000000000000000000000000000000000000000000000000000000000000000000000000000000000000000000000000000000000000000000000000000000000000000000000000000000000000000000000000000000000000000000000000000000000000000000000000000000000000000000000000000000.000000
36 1594055122 0.400000 -1.000000 0.400000 0.400000 36685580704954622000000000000000000000000000000000000000000000000000000000000000000000000000000000000000000000000000000000000000000000000000000000000000000000000000000000000000000000000000000000000000000000000000000000000000000000000000000000000000000000000000000000000.000000
36 1594055121 0.400000 -1.000000 0.400000 0.400000 36685580704954622000000000000000000000000000000000000000000000000000000000000000000000000000000000000000000000000000000000000000000000000000000000000000000000000000000000000000000000000000000000000000000000000000000000000000000000000000000000000000000000000000000000000.000000
36 1594055120 6.000000 -1.000000 6.000000 6.000000 8254255658614788500000000000000000000000000000000000000000000000000000000000000000000000000000000000000000000000000000000000000000000000000000000000000000000000000000000000000000000000000000000000000000000000000000000000000000000000000000000000000000000000000000000000000.000000
36 1594055119 6.000000 -1.000000 6.000000 6.000000 8254255658614788500000000000000000000000000000000000000000000000000000000000000000000000000000000000000000000000000000000000000000000000000000000000000000000000000000000000000000000000000000000000000000000000000000000000000000000000000000000000000000000000000000000000000.000000
36 1594055118 6.000000 -1.000000 6.000000 6.000000 8254255658614788500000000000000000000000000000000000000000000000000000000000000000000000000000000000000000000000000000000000000000000000000000000000000000000000000000000000000000000000000000000000000000000000000000000000000000000000000000000000000000000000000000000000000.000000
36 1594055117 6.000000 -1.000000 6.000000 6.000000 8254255658614788500000000000000000000000000000000000000000000000000000000000000000000000000000000000000000000000000000000000000000000000000000000000000000000000000000000000000000000000000000000000000000000000000000000000000000000000000000000000000000000000000000000000000.000000
36 1594055116 6.000000 -1.000000 6.000000 6.000000 8254255658614788500000000000000000000000000000000000000000000000000000000000000000000000000000000000000000000000000000000000000000000000000000000000000000000000000000000000000000000000000000000000000000000000000000000000000000000000000000000000000000000000000000000000000.000000
36 1594055115 1.800000 -1.000000 1.800000 1.800000 742883009275330960000000000000000000000000000000000000000000000000000000000000000000000000000000000000000000000000000000000000000000000000000000000000000000000000000000000000000000000000000000000000000000000000000000000000000000000000000000000000000000000000000000000000.000000
36 1594055114 1.800000 -1.000000 1.800000 1.800000 742883009275330960000000000000000000000000000000000000000000000000000000000000000000000000000000000000000000000000000000000000000000000000000000000000000000000000000000000000000000000000000000000000000000000000000000000000000000000000000000000000000000000000000000000000.000000
36 1594055113 1.800000 -1.000000 1.800000 1.800000 742883009275330960000000000000000000000000000000000000000000000000000000000000000000000000000000000000000000000000000000000000000000000000000000000000000000000000000000000000000000000000000000000000000000000000000000000000000000000000000000000000000000000000000000000000.000000
36 1594055112 1.800000 -1.000000 1.800000 1.800000 742883009275330960000000000000000000000000000000000000000000000000000000000000000000000000000000000000000000000000000000000000000000000000000000000000000000000000000000000000000000000000000000000000000000000000000000000000000000000000000000000000000000000000000000000000.000000
36 1594055111 1.800000 -1.000000 1.800000 1.800000 742883009275330960000000000000000000000000000000000000000000000000000000000000000000000000000000000000000000000000000000000000000000000000000000000000000000000000000000000000000000000000000000000000000000000000000000000000000000000000000000000000000000000000000000000000.000000
36 1594055110 4.800000 -1.000000 4.800000 4.800000 5282723621513464200000000000000000000000000000000000000000000000000000000000000000000000000000000000000000000000000000000000000000000000000000000000000000000000000000000000000000000000000000000000000000000000000000000000000000000000000000000000000000000000000000000000000.000000
36 1594055109 4.800000 -1.000000 4.800000 4.800000 5282723621513464200000000000000000000000000000000000000000000000000000000000000000000000000000000000000000000000000000000000000000000000000000000000000000000000000000000000000000000000000000000000000000000000000000000000000000000000000000000000000000000000000000000000000.000000
36 1594055108 4.800000 -1.000000 4.800000 4.800000 5282723621513464200000000000000000000000000000000000000000000000000000000000000000000000000000000000000000000000000000000000000000000000000000000000000000000000000000000000000000000000000000000000000000000000000000000000000000000000000000000000000000000000000000000000000.000000
36 1594055107 4.800000 -1.000000 4.800000 4.800000 5282723621513464200000000000000000000000000000000000000000000000000000000000000000000000000000000000000000000000000000000000000000000000000000000000000000000000000000000000000000000000000000000000000000000000000000000000000000000000000000000000000000000000000000000000000.000000
36 1594055106 4.800000 -1.000000 4.800000 4.800000 5282723621513464200000000000000000000000000000000000000000000000000000000000000000000000000000000000000000000000000000000000000000000000000000000000000000000000000000000000000000000000000000000000000000000000000000000000000000000000000000000000000000000000000000000000000.000000
36 1594055105 1.400000 -1.000000 1.400000 1.400000 449398363635693930000000000000000000000000000000000000000000000000000000000000000000000000000000000000000000000000000000000000000000000000000000000000000000000000000000000000000000000000000000000000000000000000000000000000000000000000000000000000000000000000000000000000.000000
36 1594055104 1.400000 -1.000000 1.400000 1.400000 449398363635693930000000000000000000000000000000000000000000000000000000000000000000000000000000000000000000000000000000000000000000000000000000000000000000000000000000000000000000000000000000000000000000000000000000000000000000000000000000000000000000000000000000000000.000000
36 1594055103 1.400000 -1.000000 1.400000 1.400000 449398363635693930000000000000000000000000000000000000000000000000000000000000000000000000000000000000000000000000000000000000000000000000000000000000000000000000000000000000000000000000000000000000000000000000000000000000000000000000000000000000000000000000000000000000.000000
36 1594055102 1.400000 -1.000000 1.400000 1.400000 449398363635693930000000000000000000000000000000000000000000000000000000000000000000000000000000000000000000000000000000000000000000000000000000000000000000000000000000000000000000000000000000000000000000000000000000000000000000000000000000000000000000000000000000000000.000000
36 1594055101 1.400000 -1.000000 1.400000 1.400000 449398363635693930000000000000000000000000000000000000000000000000000000000000000000000000000000000000000000000000000000000000000000000000000000000000000000000000000000000000000000000000000000000000000000000000000000000000000000000000000000000000000000000000000000000000.000000
36 1594055100 5.000000 -1.000000 5.000000 5.000000 5732121985149158000000000000000000000000000000000000000000000000000000000000000000000000000000000000000000000000000000000000000000000000000000000000000000000000000000000000000000000000000000000000000000000000000000000000000000000000000000000000000000000000000000000000000.000000
36 1594055099 5.000000 -1.000000 5.000000 5.000000 5732121985149158000000000000000000000000000000000000000000000000000000000000000000000000000000000000000000000000000000000000000000000000000000000000000000000000000000000000000000000000000000000000000000000000000000000000000000000000000000000000000000000000000000000000000.000000
36 1594055098 5.000000 -1.000000 5.000000 5.000000 5732121985149158000000000000000000000000000000000000000000000000000000000000000000000000000000000000000000000000000000000000000000000000000000000000000000000000000000000000000000000000000000000000000000000000000000000000000000000000000000000000000000000000000000000000000.000000
36 1594055097 5.000000 -1.000000 5.000000 5.000000 5732121985149158000000000000000000000000000000000000000000000000000000000000000000000000000000000000000000000000000000000000000000000000000000000000000000000000000000000000000000000000000000000000000000000000000000000000000000000000000000000000000000000000000000000000000.000000
36 1594055096 5.000000 -1.000000 5.000000 5.000000 5732121985149158000000000000000000000000000000000000000000000000000000000000000000000000000000000000000000000000000000000000000000000000000000000000000000000000000000000000000000000000000000000000000000000000000000000000000000000000000000000000000000000000000000000000000.000000
36 1594055090 2.000000 -1.000000 2.000000 2.000000 917139517623865340000000000000000000000000000000000000000000000000000000000000000000000000000000000000000000000000000000000000000000000000000000000000000000000000000000000000000000000000000000000000000000000000000000000000000000000000000000000000000000000000000000000000.000000
36 1594055089 2.000000 -1.000000 2.000000 2.000000 917139517623865340000000000000000000000000000000000000000000000000000000000000000000000000000000000000000000000000000000000000000000000000000000000000000000000000000000000000000000000000000000000000000000000000000000000000000000000000000000000000000000000000000000000000.000000
36 1594055088 2.000000 -1.000000 2.000000 2.000000 917139517623865340000000000000000000000000000000000000000000000000000000000000000000000000000000000000000000000000000000000000000000000000000000000000000000000000000000000000000000000000000000000000000000000000000000000000000000000000000000000000000000000000000000000000.000000
36 1594055087 2.000000 -1.000000 2.000000 2.000000 917139517623865340000000000000000000000000000000000000000000000000000000000000000000000000000000000000000000000000000000000000000000000000000000000000000000000000000000000000000000000000000000000000000000000000000000000000000000000000000000000000000000000000000000000000.000000
36 1594055086 2.000000 -1.000000 2.000000 2.000000 917139517623865340000000000000000000000000000000000000000000000000000000000000000000000000000000000000000000000000000000000000000000000000000000000000000000000000000000000000000000000000000000000000000000000000000000000000000000000000000000000000000000000000000000000000.000000
36 1594055085 4.600000 -1.000000 4.600000 4.600000 4851668048230246700000000000000000000000000000000000000000000000000000000000000000000000000000000000000000000000000000000000000000000000000000000000000000000000000000000000000000000000000000000000000000000000000000000000000000000000000000000000000000000000000000000000000.000000
36 1594055084 4.600000 -1.000000 4.600000 4.600000 4851668048230246700000000000000000000000000000000000000000000000000000000000000000000000000000000000000000000000000000000000000000000000000000000000000000000000000000000000000000000000000000000000000000000000000000000000000000000000000000000000000000000000000000000000000.000000
36 1594055083 4.600000 -1.000000 4.600000 4.600000 4851668048230246700000000000000000000000000000000000000000000000000000000000000000000000000000000000000000000000000000000000000000000000000000000000000000000000000000000000000000000000000000000000000000000000000000000000000000000000000000000000000000000000000000000000000.000000
36 1594055082 4.600000 -1.000000 4.600000 4.600000 4851668048230246700000000000000000000000000000000000000000000000000000000000000000000000000000000000000000000000000000000000000000000000000000000000000000000000000000000000000000000000000000000000000000000000000000000000000000000000000000000000000000000000000000000000000.000000
36 1594055081 4.600000 -1.000000 4.600000 4.600000 4851668048230246700000000000000000000000000000000000000000000000000000000000000000000000000000000000000000000000000000000000000000000000000000000000000000000000000000000000000000000000000000000000000000000000000000000000000000000000000000000000000000000000000000000000000.000000
36 1594055080 1.600000 -1.000000 1.600000 1.600000 586969291279273950000000000000000000000000000000000000000000000000000000000000000000000000000000000000000000000000000000000000000000000000000000000000000000000000000000000000000000000000000000000000000000000000000000000000000000000000000000000000000000000000000000000000.000000
36 1594055079 1.600000 -1.000000 1.600000 1.600000 586969291279273950000000000000000000000000000000000000000000000000000000000000000000000000000000000000000000000000000000000000000000000000000000000000000000000000000000000000000000000000000000000000000000000000000000000000000000000000000000000000000000000000000000000000.000000
36 1594055078 1.600000 -1.000000 1.600000 1.600000 586969291279273950000000000000000000000000000000000000000000000000000000000000000000000000000000000000000000000000000000000000000000000000000000000000000000000000000000000000000000000000000000000000000000000000000000000000000000000000000000000000000000000000000000000000.000000
36 1594055077 1.600000 -1.000000 1.600000 1.600000 586969291279273950000000000000000000000000000000000000000000000000000000000000000000000000000000000000000000000000000000000000000000000000000000000000000000000000000000000000000000000000000000000000000000000000000000000000000000000000000000000000000000000000000000000000.000000
36 1594055076 1.600000 -1.000000 1.600000 1.600000 586969291279273950000000000000000000000000000000000000000000000000000000000000000000000000000000000000000000000000000000000000000000000000000000000000000000000000000000000000000000000000000000000000000000000000000000000000000000000000000000000000000000000000000000000000.000000
36 1594055075 5.000000 -1.000000 5.000000 5.000000 5732121985149158000000000000000000000000000000000000000000000000000000000000000000000000000000000000000000000000000000000000000000000000000000000000000000000000000000000000000000000000000000000000000000000000000000000000000000000000000000000000000000000000000000000000000.000000
36 1594055074 5.000000 -1.000000 5.000000 5.000000 5732121985149158000000000000000000000000000000000000000000000000000000000000000000000000000000000000000000000000000000000000000000000000000000000000000000000000000000000000000000000000000000000000000000000000000000000000000000000000000000000000000000000000000000000000000.000000
36 1594055073 5.000000 -1.000000 5.000000 5.000000 5732121985149158000000000000000000000000000000000000000000000000000000000000000000000000000000000000000000000000000000000000000000000000000000000000000000000000000000000000000000000000000000000000000000000000000000000000000000000000000000000000000000000000000000000000000.000000
36 1594055072 5.000000 -1.000000 5.000000 5.000000 5732121985149158000000000000000000000000000000000000000000000000000000000000000000000000000000000000000000000000000000000000000000000000000000000000000000000000000000000000000000000000000000000000000000000000000000000000000000000000000000000000000000000000000000000000000.000000
36 1594055071 5.000000 -1.000000 5.000000 5.000000 5732121985149158000000000000000000000000000000000000000000000000000000000000000000000000000000000000000000000000000000000000000000000000000000000000000000000000000000000000000000000000000000000000000000000000000000000000000000000000000000000000000000000000000000000000000.000000
36 1594055070 1.600000 -1.000000 1.600000 1.600000 586969291279273950000000000000000000000000000000000000000000000000000000000000000000000000000000000000000000000000000000000000000000000000000000000000000000000000000000000000000000000000000000000000000000000000000000000000000000000000000000000000000000000000000000000000.000000
36 1594055069 1.600000 -1.000000 1.600000 1.600000 586969291279273950000000000000000000000000000000000000000000000000000000000000000000000000000000000000000000000000000000000000000000000000000000000000000000000000000000000000000000000000000000000000000000000000000000000000000000000000000000000000000000000000000000000000.000000
36 1594055068 1.600000 -1.000000 1.600000 1.600000 586969291279273950000000000000000000000000000000000000000000000000000000000000000000000000000000000000000000000000000000000000000000000000000000000000000000000000000000000000000000000000000000000000000000000000000000000000000000000000000000000000000000000000000000000000.000000
36 1594055067 1.600000 -1.000000 1.600000 1.600000 586969291279273950000000000000000000000000000000000000000000000000000000000000000000000000000000000000000000000000000000000000000000000000000000000000000000000000000000000000000000000000000000000000000000000000000000000000000000000000000000000000000000000000000000000000.000000
36 1594055066 1.600000 -1.000000 1.600000 1.600000 586969291279273950000000000000000000000000000000000000000000000000000000000000000000000000000000000000000000000000000000000000000000000000000000000000000000000000000000000000000000000000000000000000000000000000000000000000000000000000000000000000000000000000000000000000.000000
36 1594055065 4.600000 -1.000000 4.600000 4.600000 4851668048230246700000000000000000000000000000000000000000000000000000000000000000000000000000000000000000000000000000000000000000000000000000000000000000000000000000000000000000000000000000000000000000000000000000000000000000000000000000000000000000000000000000000000000.000000
26 1594055127 3.500000 -1.000000 3.500000 3.500000 2808739772723087500000000000000000000000000000000000000000000000000000000000000000000000000000000000000000000000000000000000000000000000000000000000000000000000000000000000000000000000000000000000000000000000000000000000000000000000000000000000000000000000000000000000000.000000
26 1594055126 3.500000 -1.000000 3.500000 3.500000 2808739772723087500000000000000000000000000000000000000000000000000000000000000000000000000000000000000000000000000000000000000000000000000000000000000000000000000000000000000000000000000000000000000000000000000000000000000000000000000000000000000000000000000000000000000.000000
26 1594055125 0.800000 -1.000000 0.800000 0.800000 146742322819818490000000000000000000000000000000000000000000000000000000000000000000000000000000000000000000000000000000000000000000000000000000000000000000000000000000000000000000000000000000000000000000000000000000000000000000000000000000000000000000000000000000000000.000000
26 1594055124 0.800000 -1.000000 0.800000 0.800000 146742322819818490000000000000000000000000000000000000000000000000000000000000000000000000000000000000000000000000000000000000000000000000000000000000000000000000000000000000000000000000000000000000000000000000000000000000000000000000000000000000000000000000000000000000.000000
26 1594055123 0.800000 -1.000000 0.800000 0.800000 146742322819818490000000000000000000000000000000000000000000000000000000000000000000000000000000000000000000000000000000000000000000000000000000000000000000000000000000000000000000000000000000000000000000000000000000000000000000000000000000000000000000000000000000000000.000000
26 1594055122 0.800000 -1.000000 0.800000 0.800000 146742322819818490000000000000000000000000000000000000000000000000000000000000000000000000000000000000000000000000000000000000000000000000000000000000000000000000000000000000000000000000000000000000000000000000000000000000000000000000000000000000000000000000000000000000.000000
26 1594055121 0.800000 -1.000000 0.800000 0.800000 146742322819818490000000000000000000000000000000000000000000000000000000000000000000000000000000000000000000000000000000000000000000000000000000000000000000000000000000000000000000000000000000000000000000000000000000000000000000000000000000000000000000000000000000000000.000000
26 1594055120 4.000000 -1.000000 4.000000 4.000000 3668558070495461400000000000000000000000000000000000000000000000000000000000000000000000000000000000000000000000000000000000000000000000000000000000000000000000000000000000000000000000000000000000000000000000000000000000000000000000000000000000000000000000000000000000000.000000
26 1594055119 4.000000 -1.000000 4.000000 4.000000 3668558070495461400000000000000000000000000000000000000000000000000000000000000000000000000000000000000000000000000000000000000000000000000000000000000000000000000000000000000000000000000000000000000000000000000000000000000000000000000000000000000000000000000000000000000.000000
26 1594055118 4.000000 -1.000000 4.000000 4.000000 3668558070495461400000000000000000000000000000000000000000000000000000000000000000000000000000000000000000000000000000000000000000000000000000000000000000000000000000000000000000000000000000000000000000000000000000000000000000000000000000000000000000000000000000000000000.000000
26 1594055117 4.000000 -1.000000 4.000000 4.000000 3668558070495461400000000000000000000000000000000000000000000000000000000000000000000000000000000000000000000000000000000000000000000000000000000000000000000000000000000000000000000000000000000000000000000000000000000000000000000000000000000000000000000000000000000000000.000000
26 1594055116 4.000000 -1.000000 4.000000 4.000000 3668558070495461400000000000000000000000000000000000000000000000000000000000000000000000000000000000000000000000000000000000000000000000000000000000000000000000000000000000000000000000000000000000000000000000000000000000000000000000000000000000000000000000000000000000000.000000
26 1594055115 2.400000 -1.000000 2.400000 2.400000 1320680905378366100000000000000000000000000000000000000000000000000000000000000000000000000000000000000000000000000000000000000000000000000000000000000000000000000000000000000000000000000000000000000000000000000000000000000000000000000000000000000000000000000000000000000.000000
26 1594055114 2.400000 -1.000000 2.400000 2.400000 1320680905378366100000000000000000000000000000000000000000000000000000000000000000000000000000000000000000000000000000000000000000000000000000000000000000000000000000000000000000000000000000000000000000000000000000000000000000000000000000000000000000000000000000000000000.000000
26 1594055113 2.400000 -1.000000 2.400000 2.400000 1320680905378366100000000000000000000000000000000000000000000000000000000000000000000000000000000000000000000000000000000000000000000000000000000000000000000000000000000000000000000000000000000000000000000000000000000000000000000000000000000000000000000000000000000000000.000000
26 1594055112 2.400000 -1.000000 2.400000 2.400000 1320680905378366100000000000000000000000000000000000000000000000000000000000000000000000000000000000000000000000000000000000000000000000000000000000000000000000000000000000000000000000000000000000000000000000000000000000000000000000000000000000000000000000000000000000000.000000
26 1594055111 2.400000 -1.000000 2.400000 2.400000 1320680905378366100000000000000000000000000000000000000000000000000000000000000000000000000000000000000000000000000000000000000000000000000000000000000000000000000000000000000000000000000000000000000000000000000000000000000000000000000000000000000000000000000000000000000.000000
26 1594055110 4.200000 -1.000000 4.200000 4.200000 4044585272721246200000000000000000000000000000000000000000000000000000000000000000000000000000000000000000000000000000000000000000000000000000000000000000000000000000000000000000000000000000000000000000000000000000000000000000000000000000000000000000000000000000000000000.000000
26 1594055109 4.200000 -1.000000 4.200000 4.200000 4044585272721246200000000000000000000000000000000000000000000000000000000000000000000000000000000000000000000000000000000000000000000000000000000000000000000000000000000000000000000000000000000000000000000000000000000000000000000000000000000000000000000000000000000000000.000000
26 1594055108 4.200000 -1.000000 4.200000 4.200000 4044585272721246200000000000000000000000000000000000000000000000000000000000000000000000000000000000000000000000000000000000000000000000000000000000000000000000000000000000000000000000000000000000000000000000000000000000000000000000000000000000000000000000000000000000000.000000
26 1594055107 4.200000 -1.000000 4.200000 4.200000 4044585272721246200000000000000000000000000000000000000000000000000000000000000000000000000000000000000000000000000000000000000000000000000000000000000000000000000000000000000000000000000000000000000000000000000000000000000000000000000000000000000000000000000000000000000.000000
26 1594055106 4.200000 -1.000000 4.200000 4.200000 4044585272721246200000000000000000000000000000000000000000000000000000000000000000000000000000000000000000000000000000000000000000000000000000000000000000000000000000000000000000000000000000000000000000000000000000000000000000000000000000000000000000000000000000000000000.000000
26 1594055105 2.400000 -1.000000 2.400000 2.400000 1320680905378366100000000000000000000000000000000000000000000000000000000000000000000000000000000000000000000000000000000000000000000000000000000000000000000000000000000000000000000000000000000000000000000000000000000000000000000000000000000000000000000000000000000000000.000000
26 1594055104 2.400000 -1.000000 2.400000 2.400000 1320680905378366100000000000000000000000000000000000000000000000000000000000000000000000000000000000000000000000000000000000000000000000000000000000000000000000000000000000000000000000000000000000000000000000000000000000000000000000000000000000000000000000000000000000000.000000
26 1594055103 2.400000 -1.000000 2.400000 2.400000 1320680905378366100000000000000000000000000000000000000000000000000000000000000000000000000000000000000000000000000000000000000000000000000000000000000000000000000000000000000000000000000000000000000000000000000000000000000000000000000000000000000000000000000000000000000.000000
26 1594055102 2.400000 -1.000000 2.400000 2.400000 1320680905378366100000000000000000000000000000000000000000000000000000000000000000000000000000000000000000000000000000000000000000000000000000000000000000000000000000000000000000000000000000000000000000000000000000000000000000000000000000000000000000000000000000000000000.000000
26 1594055101 2.400000 -1.000000 2.400000 2.400000 1320680905378366100000000000000000000000000000000000000000000000000000000000000000000000000000000000000000000000000000000000000000000000000000000000000000000000000000000000000000000000000000000000000000000000000000000000000000000000000000000000000000000000000000000000000.000000
26 1594055100 4.000000 -1.000000 4.000000 4.000000 3668558070495461400000000000000000000000000000000000000000000000000000000000000000000000000000000000000000000000000000000000000000000000000000000000000000000000000000000000000000000000000000000000000000000000000000000000000000000000000000000000000000000000000000000000000.000000
26 1594055099 4.000000 -1.000000 4.000000 4.000000 3668558070495461400000000000000000000000000000000000000000000000000000000000000000000000000000000000000000000000000000000000000000000000000000000000000000000000000000000000000000000000000000000000000000000000000000000000000000000000000000000000000000000000000000000000000.000000
26 1594055098 4.000000 -1.000000 4.000000 4.000000 3668558070495461400000000000000000000000000000000000000000000000000000000000000000000000000000000000000000000000000000000000000000000000000000000000000000000000000000000000000000000000000000000000000000000000000000000000000000000000000000000000000000000000000000000000000.000000
26 1594055097 4.000000 -1.000000 4.000000 4.000000 3668558070495461400000000000000000000000000000000000000000000000000000000000000000000000000000000000000000000000000000000000000000000000000000000000000000000000000000000000000000000000000000000000000000000000000000000000000000000000000000000000000000000000000000000000000.000000
26 1594055096 4.000000 -1.000000 4.000000 4.000000 3668558070495461400000000000000000000000000000000000000000000000000000000000000000000000000000000000000000000000000000000000000000000000000000000000000000000000000000000000000000000000000000000000000000000000000000000000000000000000000000000000000000000000000000000000000.000000
26 1594055090 2.400000 -1.000000 2.400000 2.400000 1320680905378366100000000000000000000000000000000000000000000000000000000000000000000000000000000000000000000000000000000000000000000000000000000000000000000000000000000000000000000000000000000000000000000000000000000000000000000000000000000000000000000000000000000000000.000000
26 1594055089 2.400000 -1.000000 2.400000 2.400000 1320680905378366100000000000000000000000000000000000000000000000000000000000000000000000000000000000000000000000000000000000000000000000000000000000000000000000000000000000000000000000000000000000000000000000000000000000000000000000000000000000000000000000000000000000000.000000
26 1594055088 2.400000 -1.000000 2.400000 2.400000 1320680905378366100000000000000000000000000000000000000000000000000000000000000000000000000000000000000000000000000000000000000000000000000000000000000000000000000000000000000000000000000000000000000000000000000000000000000000000000000000000000000000000000000000000000000.000000
26 1594055087 2.400000 -1.000000 2.400000 2.400000 1320680905378366100000000000000000000000000000000000000000000000000000000000000000000000000000000000000000000000000000000000000000000000000000000000000000000000000000000000000000000000000000000000000000000000000000000000000000000000000000000000000000000000000000000000000.000000
26 1594055086 2.400000 -1.000000 2.400000 2.400000 1320680905378366100000000000000000000000000000000000000000000000000000000000000000000000000000000000000000000000000000000000000000000000000000000000000000000000000000000000000000000000000000000000000000000000000000000000000000000000000000000000000000000000000000000000000.000000
26 1594055085 4.200000 -1.000000 4.200000 4.200000 4044585272721246200000000000000000000000000000000000000000000000000000000000000000000000000000000000000000000000000000000000000000000000000000000000000000000000000000000000000000000000000000000000000000000000000000000000000000000000000000000000000000000000000000000000000.000000
26 1594055084 4.200000 -1.000000 4.200000 4.200000 4044585272721246200000000000000000000000000000000000000000000000000000000000000000000000000000000000000000000000000000000000000000000000000000000000000000000000000000000000000000000000000000000000000000000000000000000000000000000000000000000000000000000000000000000000000.000000
26 1594055083 4.200000 -1.000000 4.200000 4.200000 4044585272721246200000000000000000000000000000000000000000000000000000000000000000000000000000000000000000000000000000000000000000000000000000000000000000000000000000000000000000000000000000000000000000000000000000000000000000000000000000000000000000000000000000000000000.000000
26 1594055082 4.200000 -1.000000 4.200000 4.200000 4044585272721246200000000000000000000000000000000000000000000000000000000000000000000000000000000000000000000000000000000000000000000000000000000000000000000000000000000000000000000000000000000000000000000000000000000000000000000000000000000000000000000000000000000000000.000000
26 1594055081 4.200000 -1.000000 4.200000 4.200000 4044585272721246200000000000000000000000000000000000000000000000000000000000000000000000000000000000000000000000000000000000000000000000000000000000000000000000000000000000000000000000000000000000000000000000000000000000000000000000000000000000000000000000000000000000000.000000
26 1594055080 2.400000 -1.000000 2.400000 2.400000 1320680905378366100000000000000000000000000000000000000000000000000000000000000000000000000000000000000000000000000000000000000000000000000000000000000000000000000000000000000000000000000000000000000000000000000000000000000000000000000000000000000000000000000000000000000.000000
26 1594055079 2.400000 -1.000000 2.400000 2.400000 1320680905378366100000000000000000000000000000000000000000000000000000000000000000000000000000000000000000000000000000000000000000000000000000000000000000000000000000000000000000000000000000000000000000000000000000000000000000000000000000000000000000000000000000000000000.000000
26 1594055078 2.400000 -1.000000 2.400000 2.400000 1320680905378366100000000000000000000000000000000000000000000000000000000000000000000000000000000000000000000000000000000000000000000000000000000000000000000000000000000000000000000000000000000000000000000000000000000000000000000000000000000000000000000000000000000000000.000000
26 1594055077 2.400000 -1.000000 2.400000 2.400000 1320680905378366100000000000000000000000000000000000000000000000000000000000000000000000000000000000000000000000000000000000000000000000000000000000000000000000000000000000000000000000000000000000000000000000000000000000000000000000000000000000000000000000000000000000000.000000
26 1594055076 2.400000 -1.000000 2.400000 2.400000 1320680905378366100000000000000000000000000000000000000000000000000000000000000000000000000000000000000000000000000000000000000000000000000000000000000000000000000000000000000000000000000000000000000000000000000000000000000000000000000000000000000000000000000000000000000.000000
26 1594055075 4.200000 -1.000000 4.200000 4.200000 4044585272721246200000000000000000000000000000000000000000000000000000000000000000000000000000000000000000000000000000000000000000000000000000000000000000000000000000000000000000000000000000000000000000000000000000000000000000000000000000000000000000000000000000000000000.000000
26 1594055074 4.200000 -1.000000 4.200000 4.200000 4044585272721246200000000000000000000000000000000000000000000000000000000000000000000000000000000000000000000000000000000000000000000000000000000000000000000000000000000000000000000000000000000000000000000000000000000000000000000000000000000000000000000000000000000000000.000000
26 1594055073 4.200000 -1.000000 4.200000 4.200000 4044585272721246200000000000000000000000000000000000000000000000000000000000000000000000000000000000000000000000000000000000000000000000000000000000000000000000000000000000000000000000000000000000000000000000000000000000000000000000000000000000000000000000000000000000000.000000
26 1594055072 4.200000 -1.000000 4.200000 4.200000 4044585272721246200000000000000000000000000000000000000000000000000000000000000000000000000000000000000000000000000000000000000000000000000000000000000000000000000000000000000000000000000000000000000000000000000000000000000000000000000000000000000000000000000000000000000.000000
26 1594055071 4.200000 -1.000000 4.200000 4.200000 4044585272721246200000000000000000000000000000000000000000000000000000000000000000000000000000000000000000000000000000000000000000000000000000000000000000000000000000000000000000000000000000000000000000000000000000000000000000000000000000000000000000000000000000000000000.000000
26 1594055070 2.400000 -1.000000 2.400000 2.400000 1320680905378366100000000000000000000000000000000000000000000000000000000000000000000000000000000000000000000000000000000000000000000000000000000000000000000000000000000000000000000000000000000000000000000000000000000000000000000000000000000000000000000000000000000000000.000000
26 1594055069 2.400000 -1.000000 2.400000 2.400000 1320680905378366100000000000000000000000000000000000000000000000000000000000000000000000000000000000000000000000000000000000000000000000000000000000000000000000000000000000000000000000000000000000000000000000000000000000000000000000000000000000000000000000000000000000000.000000
26 1594055068 2.400000 -1.000000 2.400000 2.400000 1320680905378366100000000000000000000000000000000000000000000000000000000000000000000000000000000000000000000000000000000000000000000000000000000000000000000000000000000000000000000000000000000000000000000000000000000000000000000000000000000000000000000000000000000000000.000000
26 1594055067 2.400000 -1.000000 2.400000 2.400000 1320680905378366100000000000000000000000000000000000000000000000000000000000000000000000000000000000000000000000000000000000000000000000000000000000000000000000000000000000000000000000000000000000000000000000000000000000000000000000000000000000000000000000000000000000000.000000
26 1594055066 2.400000 -1.000000 2.400000 2.400000 1320680905378366100000000000000000000000000000000000000000000000000000000000000000000000000000000000000000000000000000000000000000000000000000000000000000000000000000000000000000000000000000000000000000000000000000000000000000000000000000000000000000000000000000000000000.000000
26 1594055065 3.800000 -1.000000 3.800000 3.800000 3310873658622153800000000000000000000000000000000000000000000000000000000000000000000000000000000000000000000000000000000000000000000000000000000000000000000000000000000000000000000000000000000000000000000000000000000000000000000000000000000000000000000000000000000000000.000000
